.Random.seed <-
c(10403L, 437L, 438404457L, 822542906L, 2097261841L, 1637840355L, 
1830112336L, -921851333L, 1970688877L, -1189206788L, 310791719L, 
-764476882L, -1661736269L, 1538900657L, -709772813L, -1400728258L, 
682184386L, -199210040L, -1776640859L, -1141767724L, -1022142806L, 
1232703325L, 1310470777L, 37381905L, 205009726L, 1062761569L, 
1146654569L, -992311155L, 460200298L, 2018574842L, -715230218L, 
1373342903L, 47461276L, 1659133535L, 1382561950L, -679507070L, 
276918462L, 383726464L, 1685151000L, -1603977481L, -292887228L, 
-2000800572L, -776226198L, -1714770947L, -482043717L, -1765666233L, 
-141746242L, -886818627L, -533952496L, -1831808773L, 174053005L, 
-427852266L, -1757622563L, 244612055L, 456881968L, 858956248L, 
942890055L, 2039289714L, 1310737147L, 2057164344L, 319506770L, 
-1397368953L, -889988169L, 1248695429L, -890527048L, 137885832L, 
-2044245054L, -868018125L, 1835956849L, 1243641481L, -17910908L, 
-1915710170L, 782964534L, -1614641266L, 1977122813L, 819739855L, 
-327385470L, 1284969816L, -828169358L, 341805408L, 721206385L, 
801452308L, -95748271L, 1590691574L, -914404211L, -1912637104L, 
1927591863L, -1337162576L, -260736633L, 1714991395L, 548362363L, 
1519394218L, 831547710L, -1585932562L, 850619724L, -926868413L, 
-2057865772L, 1977198818L, 1894603093L, -677549724L, 2098930915L, 
-406497376L, 1260464741L, 1454775741L, 2036768840L, -396238289L, 
649042674L, 1953198680L, 598479839L, 1339782525L, 1897472635L, 
2136665274L, 378843425L, -1145339319L, -940998901L, 556603970L, 
762894929L, -291926457L, -1584565802L, 1025040583L, 2051220787L, 
-1391771798L, 1522505510L, 891750373L, -132523193L, 1068155644L, 
2039628562L, 258011087L, -288836629L, 2090468749L, -626152305L, 
1866558275L, 648009013L, 424392660L, 1108751568L, -1360913662L, 
95729456L, 1642309063L, 1535345951L, -1631444180L, 367626520L, 
1652821750L, 1423512266L, 710296446L, -1017756313L, 388174420L, 
484935100L, -177731452L, -339312727L, -1137713843L, 2005736435L, 
-336041089L, 1922430469L, 1815515653L, 1781388065L, 1179413471L, 
-1450953132L, -19298868L, 1599558131L, 937992139L, 439294372L, 
574748044L, -679941006L, -1383745087L, -1243465060L, -1574218643L, 
-813756074L, -724489159L, 823295779L, -572087483L, 2118330838L, 
1762187629L, 2026636055L, 416215163L, 1713865141L, -1880365579L, 
-2031934606L, -1113389200L, -193274910L, 1801148154L, 1014540650L, 
1415745553L, -1243173572L, -663402069L, -1061296128L, -665367837L, 
-1888792123L, 1375667819L, -123307191L, 1249050963L, 443848800L, 
-1885997087L, -236712873L, 569921197L, -1655972333L, -2141895592L, 
669882564L, -1964439813L, -1330117343L, 1522136154L, 965312205L, 
-495786389L, 417625196L, 575043619L, 1593005520L, 1518925660L, 
1283814993L, 286389039L, -355560163L, -1809883253L, 1126443517L, 
-280146627L, 657202424L, 368585415L, -302136244L, 1168897242L, 
1480233581L, 2104352627L, -1243648962L, -1881715015L, -1427496542L, 
624331216L, 12566153L, -1308935088L, 1121447545L, -956919918L, 
-1802487659L, 475564968L, 1848490633L, 1789145808L, 40268918L, 
1356506042L, 811924482L, 800591501L, -143935233L, 1161581847L, 
-1273807322L, -986298388L, 392623120L, -1269043835L, 2006422186L, 
-819629769L, 585996227L, -1483839633L, -1710380875L, 179775814L, 
2131518836L, -901183149L, 548521594L, -1052587354L, 989354222L, 
-1674925156L, -829232416L, -1751037636L, 1024707843L, 1741449922L, 
1534834538L, 426487901L, 2124911881L, -1145997545L, -1452791215L, 
-229016778L, 898882342L, -1884128086L, -498392931L, -457596628L, 
-2102379497L, 1875934643L, -1637328733L, 961988424L, -1638554405L, 
-1497390804L, 1043350931L, -1480092893L, 2078153571L, 440583931L, 
1071499528L, -741299819L, -1723105772L, 1576129040L, 1678820563L, 
-277198970L, -1502521191L, 460021349L, -579141611L, -361471339L, 
-1710285576L, 224544106L, -196784139L, 420323214L, -68439677L, 
1586086839L, -1069535170L, 149251996L, 1741827221L, 1769977505L, 
-612008240L, -1121657848L, 256918515L, 1615758447L, 658370056L, 
-329817019L, -1343611755L, -542051076L, 340794411L, -1572400047L, 
357106093L, 2002264421L, 933355474L, -1757964165L, -1343676979L, 
-102534628L, 1773959181L, 1352086396L, -1935744687L, -268238845L, 
-810308261L, 931187409L, 31703050L, 741662084L, 854272534L, -1438571231L, 
1286839641L, 780745318L, -1308676467L, -2006579433L, 1745806517L, 
-1738335455L, -1072771313L, 1700687492L, 2143880084L, -1641778181L, 
-1544789422L, -1878887750L, 155937258L, 1715457327L, -990469216L, 
-1404326690L, 1108960753L, 1354730913L, 6022253L, 1184235369L, 
-2051832083L, 685964461L, 888380476L, 946012146L, -449366684L, 
1347773918L, 1033258580L, 1135926817L, 2100285959L, -130338975L, 
2069849539L, 1847065987L, -240105749L, 1571798160L, 1770526843L, 
-378495271L, 1220669932L, -1977873783L, 1534128748L, -303014685L, 
-97295778L, 1267135804L, -1557417302L, -970532887L, -1212548075L, 
-563236192L, -1802618332L, -1950566930L, -1436913694L, -610517129L, 
-342778190L, -16322765L, 951218354L, 640083032L, -566661852L, 
1480154205L, 2119962749L, -1741124461L, -1650175463L, 2080271467L, 
-1840010838L, -1270147734L, 968229368L, -241080663L, -711377170L, 
-443335511L, -1769396912L, -926579542L, -233066702L, -117606517L, 
-1150442683L, -2112105642L, 1686122050L, -1322408802L, -1121529799L, 
-1639406672L, 1555209063L, -353913988L, 917942056L, -1300990966L, 
-1823121164L, -1502232811L, -1862376716L, 2104471261L, -767385865L, 
-1326692396L, -266967005L, 741268942L, 196533390L, -447239909L, 
-407320498L, -1607058L, -1240205980L, 1994439335L, 834740661L, 
-500465808L, 525698462L, 1495192835L, -1713756604L, -424935892L, 
-555658223L, 79690685L, -616336400L, 1220553109L, 1211926608L, 
1184282376L, 1237938170L, -24203425L, 1468823198L, 723620428L, 
-1512649255L, -1496916731L, -488797887L, -1097905568L, -110756479L, 
430484254L, -735653600L, -1116554463L, -1483593142L, 1046475971L, 
1189940802L, -980341932L, 1798927492L, 1065327675L, -75222368L, 
238713388L, 866431133L, -1535659104L, -1336443510L, -1333030697L, 
1466686465L, -1282861003L, 866683688L, 2010293731L, -1724020807L, 
1618426081L, -890731764L, 820223355L, -261311974L, -1937849598L, 
-1639852807L, -1349141071L, 438617218L, -1852273937L, -38079297L, 
923937957L, -1576238342L, 211621131L, -717711713L, 841702865L, 
-1942787247L, 457510177L, -823356169L, 365461156L, 1134923502L, 
-1541397986L, -33748628L, 1347604921L, 904463650L, 1017197328L, 
-387063316L, -1705965791L, -455201079L, 81941741L, -539860190L, 
2063038879L, -337667406L, -2056998786L, -1235456128L, 763050229L, 
-84372780L, -781879643L, 1121518599L, -159117379L, 950951838L, 
-995843981L, 1923694140L, -214905019L, 1112066038L, -1614040737L, 
-1695322754L, -1141722146L, -1393947339L, 1064436925L, 790534718L, 
1136213063L, 1586692568L, -282867662L, 1722070888L, -1110131986L, 
-1971380889L, -1455529758L, 1186676559L, -2092724468L, 50356424L, 
-406442944L, 1704039842L, -762842216L, -1052558630L, 1376200651L, 
-858643690L, 714001097L, -1933416711L, -1768272931L, 1565382542L, 
2074049313L, -2143591434L, -1824907860L, -300782711L, 300841800L, 
1975166361L, 438648423L, 71583862L, 651428021L, -1758781304L, 
1960914360L, 1345559366L, 574222244L, 1775018032L, -1999100850L, 
2060031180L, -1998284679L, -103199847L, 282895858L, -2113167426L, 
1278305618L, -1519948444L, 1212261001L, -1314187197L, -133685213L, 
-621039531L, -728868736L, 209095620L, -1712393222L, -375380892L, 
421133609L, 1991352014L, -401951506L, 1126437023L, 1641573021L, 
-505016863L, 1433273850L, 68451577L, 1495629817L, 535378806L, 
1164311451L, 392703367L, 366792186L, -1666684173L, -707897454L, 
-1141293683L, 827996944L, 2144806592L, -1774930736L, -1343632821L, 
900848610L, -1830233683L, 410920766L, 8716691L, 588784945L, -57713384L, 
-378706461L, -1832615362L, -1088164642L, 1447937222L, -1713523898L, 
701846256L, -278408544L, -1359485889L, 1269395080L, 267410227L, 
204928422L, -1699799669L, -1793039863L, -2006994723L, -386798098L, 
1687529815L, 284709653L, 710163668L, 340690677L, 383001937L, 
